Bijection
  
1         0.500000000000000000000
2         0.250000000000000000000
3         0.125000000000000000000
4         0.062500000000000000000
5         0.031250000000000000000
6         0.015625000000000000000
7         0.007812500000000000000
8         0.003906250000000000000
9         0.001953125000000000000
10         0.000976562500000000000
11         0.000488281250000000000
12         0.000244140625000000000
13         0.000122070312500000000
14         0.000061035156250000000
15         0.000030517578125000000
16         0.000015258789062500000
17         0.000007629394531250000
18         0.000003814697265625000
19         0.000001907348632812500
20         0.000000953674316406250


NEWTON RAPSON

1         0.993456293353661479273
2         0.258681817159834182007
3         0.015599302073612264508
4         0.000068023903177394374
5         0.000000001303291696786




REGULA FALSI

1         0.063588169822366147343
2         0.004498957497641953296
3         0.000306968421629250088
4         0.000020890509801585466
5         0.000001421436482740290
6         0.000000096716515685102