Bijection

1         0.699999999999999955591
2         0.349999999999999977796
3         0.174999999999999933387
4         0.087499999999999911182
5         0.043749999999999955591
6         0.021874999999999977796
7         0.010937499999999933387
8         0.005468750000000022204
9         0.002734375000000066613
10         0.001367187500000088818
11         0.000683593750000044409
12         0.000341796875000022204
13         0.000170898437500066613
14         0.000085449218750088818
15         0.000042724609375044409
16         0.000021362304687522204
17         0.000010681152343705591
18         0.000005340576171852796
19         0.000002670288085981909
20         0.000001335144042990954
21         0.000000667572021550988



NEWTON RAPSON

1         0.433553468085037918556
2         0.027200788771161610313
3         0.000160604233910843774
4         0.000000005694728910655


REGULA FALSI
1         0.618796641937086500107
2         0.110108129708698543325
3         0.009370487961117501818
4         0.000745790537303836487
5         0.000059014519966260615
6         0.000004667675373881686
7         0.000000369170136793606

